4294967278,556
61,6
4294967278,555
4294967279,373
4294967278,554
4294967278,553
4294967279,372
4294967279,371
4294967279,370
4294967279,369
61,5
61,4
4294967279,368
61,3
61,2
61,1
61,0
4294967279,367
60,4
60,3
60,2
60,1
60,0
4294967279,366
59,5
59,4
59,3
59,2
59,1
59,0
58,4
58,3
58,2
58,1
58,0
4294967279,365
57,4
57,3
57,2
57,1
57,0
4294967279,364
4294967278,552
4294967278,551
56,5
56,4
56,3
56,2
56,1
56,0
4294967279,363
4294967279,362
55,5
55,4
55,3
55,2
55,1
55,0
4294967278,550
4294967278,549
4294967279,361
4294967278,548
4294967278,547
4294967279,360
4294967278,546
4294967279,359
54,5
54,4
54,3
54,2
54,1
54,0
4294967279,358
53,4
53,3
53,2
53,1
53,0
4294967279,357
4294967279,356
4294967279,355
52,5
52,4
52,3
52,2
52,1
52,0
4294967279,354
51,4
51,3
51,2
51,1
51,0
50,4
50,3
50,2
50,1
50,0
49,5
49,4
49,3
49,2
49,1
49,0
48,5
48,4
48,3
48,2
48,1
48,0
4294967278,545
4294967279,353
4294967278,544
4294967278,543
4294967279,352
4294967278,542
4294967279,351
4294967279,350
4294967278,541
4294967279,349
4294967279,348
4294967279,347
4294967278,540
4294967279,346
4294967278,539
4294967278,538
4294967279,345
4294967278,537
4294967279,344
4294967279,343
4294967279,342
4294967278,536
4294967278,535
4294967278,534
4294967279,341
4294967278,533
4294967278,532
4294967278,531
47,4
47,3
47,2
47,1
47,0
4294967278,530
4294967279,340
4294967278,529
46,5
46,4
46,3
46,2
46,1
46,0
45,4
45,3
45,2
45,1
45,0
4294967278,528
4294967279,339
4294967278,527
4294967279,338
44,4
44,3
44,2
44,1
44,0
4294967279,337
4294967278,526
4294967278,525
43,5
43,4
43,3
43,2
43,1
43,0
4294967279,336
4294967278,524
4294967279,335
4294967279,334
42,5
42,4
42,3
42,2
42,1
42,0
4294967278,523
4294967278,522
4294967279,333
4294967279,332
4294967278,521
4294967278,520
4294967279,331
4294967278,519
40,5
40,4
40,3
40,2
40,1
40,0
4294967279,330
39,4
39,3
39,2
39,1
39,0
4294967278,518
4294967279,329
4294967278,517
4294967279,328
38,4
38,3
38,2
38,1
38,0
4294967279,327
4294967278,516
4294967278,515
37,5
37,4
37,3
37,2
37,1
37,0
4294967279,326
4294967279,325
36,5
36,4
36,3
36,2
36,1
36,0
4294967278,514
4294967279,324
4294967279,323
4294967293,131
4294967293,130
4294967293,129
4294967293,128
4294967293,127
4294967293,126
4294967293,125
4294967293,124
4294967293,123
4294967293,122
4294967293,121
4294967293,120
4294967293,119
4294967293,118
4294967293,117
4294967293,116
4294967293,115
4294967293,114
4294967293,113
4294967293,112
4294967293,111
4294967293,110
4294967293,109
4294967293,108
4294967293,107
4294967293,106
4294967293,105
4294967293,104
4294967293,103
4294967293,102
4294967293,101
4294967293,100
4294967293,99
4294967293,98
4294967293,97
4294967293,96
4294967293,95
4294967293,94
4294967293,93
4294967293,92
4294967293,91
4294967293,90
4294967293,89
4294967293,88
4294967293,87
4294967293,86
4294967293,85
4294967293,84
4294967293,83
4294967293,82
4294967293,81
4294967293,80
4294967293,79
4294967293,78
4294967293,77
4294967293,76
4294967293,75
4294967293,74
4294967293,73
4294967293,72
4294967293,71
4294967293,70
4294967293,69
4294967293,68
4294967293,67
4294967293,66
4294967293,65
4294967293,64
4294967293,63
4294967293,62
4294967293,61
4294967293,60
4294967293,59
4294967293,58
4294967293,57
4294967293,56
4294967293,55
4294967293,54
4294967293,53
4294967293,52
4294967293,51
4294967293,50
4294967293,49
4294967293,48
4294967293,47
4294967293,46
4294967293,45
4294967293,44
4294967293,43
4294967293,42
4294967293,41
4294967293,40
4294967293,39
4294967293,38
4294967293,37
4294967293,36
4294967293,35
4294967293,34
4294967293,33
